image_width: 640
image_height: 480
camera_name: cam2
camera_matrix:
  rows: 3
  cols: 3
  data: [380.951870953, 0.0, 324.067843355, 0.0, 380.306595607, 225.95869832, 0.0, 0.0, 1.0]
distortion_model: plumb_bob
distortion_coefficients:
  rows: 1
  cols: 5
  data: [0.00704405528784, -0.0102514857222, 0.000667430439987, 0.00167889981638, 0.0]

