cam0:
  cam_overlaps:
  - 1
  camera_model: pinhole
  distortion_coeffs:
  - 0.006896928127777268
  - -0.009144207062654397
  - 0.000254113977103925
  - 0.0021434982252719545
  distortion_model: radtan
  intrinsics:
  - 380.9229090195708
  - 380.29264802262736
  - 324.68121181846755
  - 224.6741321466431
  resolution:
  - 640
  - 480
  rostopic: /camera/infra1/image_rect_raw
cam1:
  T_cn_cnm1:
  - - 0.9999992248836708
    - 6.384241340452582e-05
    - 0.0012434452955667624
    - -0.049960282472300055
  - - -6.225102643531651e-05
    - 0.9999991790958949
    - -0.0012798173093508036
    - -5.920119010064575e-05
  - - -0.001243525981443161
    - 0.0012797389115975439
    - 0.9999984079544582
    - -0.00014316003395349448
  - - 0.0
    - 0.0
    - 0.0
    - 1.0
  cam_overlaps:
  - 0
  camera_model: pinhole
  distortion_coeffs:
  - 0.007044055287844759
  - -0.010251485722185347
  - 0.0006674304399871926
  - 0.001678899816379666
  distortion_model: radtan
  intrinsics:
  - 380.95187095303424
  - 380.3065956074995
  - 324.0678433553536
  - 225.9586983198407
  resolution:
  - 640
  - 480
  rostopic: /camera/infra2/image_rect_raw
